           1  7.229430065437397E-011   5033.25301611534     
           2 -6.087874359015638E-011   7162.51596579907     
           3  5.850578658288491E-011   9115.57632454570     
           4 -4.624781266682744E-011   10924.3409131063     
           5  6.310381493510663E-011   12482.0757891428     
           6 -6.778728608705305E-011   13865.7354862407     
           7  9.326331935313041E-011   15149.3127487238     
           8  4.028464202746687E-011   16384.0208164357     
           9 -1.496770318163019E-011   17609.7763087814     
          10 -1.379760089156717E-010   18859.2466199752     
          11  2.289226250526486E-010   20151.2321525677     
          12 -4.516189363194755E-012   21490.2185875996     
          13  1.047622244978904E-010   22875.2801154828     
          14 -9.646179192913163E-011   24305.3601727522     
          15 -7.180394864238791E-011   25779.2783109476     
          16  4.240245122534998E-011   27295.7376156164     
          17  1.524495306452091E-010   28853.3325879328     
          18 -1.164022019224449E-010   30450.5574023031     
          19  3.455698621093226E-011   32085.8144552156     
          20 -1.372171563194670E-011   33757.4231233488     
          21 -2.287103315920134E-011   35463.6286524746     
          22 -1.449797221903697E-010   37202.6111028445     
          23  1.872976160243690E-010   38972.4942814193     
          24 -1.892200303577787E-011   40771.3545963716     
          25  1.027752081513073E-010   42597.2297746568     
          26  2.639625628791796E-010   44448.1273890102     
          27  2.827345662779075E-010   46322.0331463824     
          28 -1.853283555574381E-011   48216.9188955067     
          29 -1.434741224476066E-010   50130.7503169119     
          30 -1.118874221197773E-010   52061.4942641944     
          31  1.635351707093590E-010   54007.1257306881     
          32 -1.654436596030078E-010   55965.6344207705     
          33 -1.197007303799192E-010   57935.0309098848     
          34  1.876933973301825E-010   59913.3523819045     
          35  3.149532610939420E-010   61898.6679367095     
          36  1.006340215347580E-011   63889.0834647408     
          37  2.328043567019392E-010   65882.7460888832     
          38 -1.596217996097592E-010   67877.8481772411     
          39  3.295415958967357E-010   69872.6309332754     
          40  1.230603771801466E-010   71865.3875723095     
          41 -8.596413539744860E-011   73854.4660956526     
          42 -1.713104734798271E-010   75838.2716754952     
          43 -5.245119894965628E-010   77815.2686653478     
          44 -3.803194417763573E-010   79787.5185718768     
          45  4.414016082509881E-010   81753.2993006015     
          46 -8.623732564216680E-010   83687.3883503446     
          47  6.495516973073798E-011   85554.3237642224     
          48 -3.249454480465814E-010   87335.7660772821     
          49 -2.662496501478501E-010   89024.7019693825     
          50 -1.887831356880062E-011   90614.3847491802     
          51  3.002905284596398E-010   92098.3791009563     
          52 -3.768622702266775E-010   93470.6043803437     
          53  7.338866713198284E-010   94725.3760524057     
          54 -3.052601017875530E-011   95857.4448775989     
          55 -2.949396454159661E-010   96862.0334680610     
          56  1.016612686332946E-009   97734.8698582517     
          57 -4.425179166653764E-010   98472.2177599932     
          58 -1.421120775127357E-009   99070.9032021368     
          59 -2.444008427445481E-009   99546.4516151145     
          60 -3.026859710762672E-009   99878.8565864862     
           1 -0.489371461002719        5033.17480503959     
           2 -0.554818644647832        7162.26255483906     
           3 -0.616857195395137        9115.16477058003     
           4 -0.674622289748264        10923.7829943259     
           5 -0.724634539686371        12481.3920774733     
           6 -0.769017215722010        13864.9401496159     
           7 -0.810455972806521        15148.4139103491     
           8 -0.850107901901001        16383.0224413409     
           9 -0.889726029208147        17608.6791336302     
          10 -0.929874421882784        18858.0487417149     
          11 -0.971645366445611        20149.9301475740     
          12  -1.01467372025401        21488.8086684641     
          13  -1.05945506553084        22873.7585693835     
          14  -1.10541186673023        24303.7233719926     
          15  -1.15306715583672        25777.5227229417     
          16  -1.20180080468363        27293.8598122762     
          17  -1.25216246385814        28851.3292544199     
          18  -1.30349246206840        30448.4253451156     
          19  -1.35636592709697        32083.5506095854     
          20  -1.41008710273454        33755.0245599332     
          21  -1.46525522015585        35461.0925833313     
          22  -1.52114221126950        37199.9348866862     
          23  -1.57836981597869        38969.6754281476     
          24  -1.63618165335867        40768.3907708978     
          25  -1.69522017797606        42594.1188000201     
          26  -1.75470480890972        44444.8672488084     
          27  -1.81529671814408        46318.6219865349     
          28  -1.87619266151429        48213.3550253717     
          29  -1.93799545216404        50127.0322106672     
          30  -1.99942640511584        52057.6205683423     
          31  -2.06162865360459        54003.0952634124     
          32  -2.12383883517902        55961.4461629249     
          33  -2.18676941866285        57930.6840024634     
          34  -2.24957865218806        59908.8461238422     
          35  -2.31298124249906        61894.0017822430     
          36  -2.37607467264043        63884.2570204093     
          37  -2.43928008304088        65877.7591098942     
          38  -2.49952490458366        67872.7005634489     
          39  -2.54495962701827        69867.3227226187     
          40  -2.49669951341354        71859.9198190565     
          41  -2.26892857750229        73848.8427216238     
          42  -1.83864138636264        75832.5004452081     
          43  -1.21447170878247        77809.3609707308     
          44 -0.423609979652282        79781.4886191457     
          45  0.488139834257205        81747.1634693411     
          46   1.45490772784978        83681.1650566106     
          47   2.40196631949077        85548.0320241915     
          48   3.27468429307297        87329.4231829283     
          49   4.03913292245017        89018.3223600980     
          50   4.67941096381227        90607.9798845554     
          51   5.19247273543122        92091.9576389590     
          52   5.58695295647509        93464.1725474088     
          53   5.87695842994488        94718.9381020985     
          54   6.08080354741545        95851.0035579181     
          55   6.21641701280669        96855.5904447672     
          56   6.30137864223122        97728.4260668892     
          57   6.35019278182418        98465.7736775276     
          58   6.37509578153692        99064.4590396765     
          59   6.38567350913319        99540.0074439885     
          60   6.38871700830041        99872.4124244870     
           1  -1.41535058933814        5033.02606961531     
           2  -1.62627000846641        7161.77918923185     
           3  -1.81926590810909        9114.37638828005     
           4  -1.98907537563909        10922.7111918737     
           5  -2.13559129293426        12480.0767427059     
           6  -2.26616661157598        13863.4087030818     
           7  -2.38760244594095        15146.6820807116     
           8  -2.50423423040984        16381.0979045950     
           9  -2.62033749249355        17606.5633158989     
          10  -2.73842708247798        18855.7379583738     
          11  -2.86083829444135        20147.4177700294     
          12  -2.98739820528636        21486.0873637618     
          13  -3.11863114523438        22870.8211489697     
          14  -3.25380433132086        24300.5628121182     
          15  -3.39345925634507        25774.1321839955     
          16  -3.53679981774216        27290.2326569608     
          17  -3.68438564120737        28847.4590646972     
          18  -3.83536266205875        30444.3059378641     
          19  -3.99030920212648        32079.1760509226     
          20  -4.14831920297243        33750.3891781725     
          21  -4.30999007556637        35456.1909805512     
          22  -4.47437019589102        37194.7619489035     
          23  -4.64207624758661        38964.2263340970     
          24  -4.81211769849082        40762.6609994295     
          25  -4.98513043271793        42588.1041361374     
          26  -5.16009071922625        44438.5637883749     
          27  -5.33764602975672        46312.0261396820     
          28  -5.51666211125622        48206.4635186584     
          29  -5.69703232108043        50119.8420947803     
          30  -5.87432190506900        52050.1292777244     
          31  -6.05250768164115        53995.3006151942     
          32  -6.23116289779439        55953.3462930084     
          33  -6.41117015463476        57922.2773557012     
          34  -6.59135419317655        59900.1314494462     
          35  -6.77248054896776        61884.9781282713     
          36  -6.95294786295506        63874.9237276295     
          37  -7.13152089509037        65868.1158025054     
          38  -7.29550210735861        67862.7471366449     
          39  -7.39580228124060        69857.0592846104     
          40  -7.22113425060954        71849.3483357212     
          41  -6.54156437251760        73837.9706381133     
          42  -5.28112714413023        75821.3426650393     
          43  -3.45921335404640        77797.9394958543     
          44  -1.15535258424814        79769.8309819109     
          45   1.49876511416191        81735.3014668536     
          46   4.31026560061752        83669.1344472496     
          47   7.06303239027542        85535.8697079033     
          48   9.59760054695441        87317.1626813806     
          49   11.8170219456541        89005.9916258724     
          50   13.6745971908352        90595.6010562700     
          51   15.1629366575909        92079.5473953295     
          52   16.3066099919298        93451.7428369264     
          53   17.1476697500098        94706.4970447319     
          54   17.7386178149518        95838.5563611953     
          55   18.1323204203740        96843.1402322484     
          56   18.3792103672267        97715.9745667215     
          57   18.5217372211496        98453.3217513601     
          58   18.5950392842828        99052.0070519078     
          59   18.6269370576631        99527.5555019892     
          60   18.6363512319149        99859.9605387561     
           1  -2.68681545488575        5033.15080370821     
           2  -3.14788520197195        7162.18225907577     
           3  -3.56332527700051        9115.02833517071     
           4  -3.88883153728034        10923.5924857500     
           5  -4.17417299295277        12481.1552119256     
           6  -4.42687735846653        13864.6621336521     
           7  -4.66276530764073        15148.0977432113     
           8  -4.88933439748543        16382.6695841802     
           9  -5.11470926500794        17608.2898580897     
          10  -5.34424102631934        18857.6223459979     
          11  -5.58186352693123        20149.4653691953     
          12  -5.82792723341039        21488.3041107189     
          13  -6.08268458109363        22873.2128630547     
          14  -6.34549078847027        24303.1351792350     
          15  -6.61659446180445        25776.8702095004     
          16  -6.89526453835572        27293.0815875252     
          17  -7.18173858415561        28850.3482369074     
          18  -7.47522795614181        30447.1707482054     
          19  -7.77596521374192        32081.9573615234     
          20  -8.08310675547324        33753.0327994147     
          21  -8.39686966918666        35458.6472193061     
          22  -8.71639971955910        37196.9852128721     
          23  -9.04178100836510        38966.1747841736     
          24  -9.37256176928308        40764.2962432241     
          25  -9.70731197828990        42589.3909568167     
          26  -10.0447676150147        44439.4699038463     
          27  -10.4220582933641        46312.5219878602     
          28  -10.7254329088347        48206.5220651256     
          29  -11.0605004268191        50119.4386634515     
          30  -11.4444048910485        52049.2414289525     
          31  -11.7512295981996        53993.9080038603     
          32  -12.0978667564935        55951.4305044082     
          33  -12.4318903293497        57919.8217845379     
          34  -12.7715807324741        59897.1211910189     
          35  -13.1100937696661        61881.3998779281     
          36  -13.4476194481052        63870.7656869337     
          37  -13.7743239639148        65863.3675892683     
          38  -14.0594214945346        67857.3996910028     
          39  -14.1783041060610        69851.1047448220     
          40  -13.7638089826522        71842.7785502800     
          41  -12.4135289711209        73830.7742517311     
          42  -9.96628142399975        75813.5036005901     
          43  -6.45033137693108        77789.4372643795     
          44  -2.01655303211655        79760.6403126602     
          45   3.08428192358838        81725.3949163804     
          46   8.48029747030716        83658.4931709410     
          47   13.7582627292145        85524.4904956992     
          48   18.6124986483817        87305.0539735285     
          49   22.8597360701887        88993.1701242479     
          50   26.4112758144624        90582.0917588333     
          51   29.2553112468808        92065.3831400962     
          52   31.4393995615931        93436.9635297735     
          53   33.0456701338784        94691.1487294347     
          54   34.1745640758189        95822.6902549285     
          55   34.9280573929038        96826.8118107572     
          56   35.4017029729315        97699.2427438900     
          57   35.6763830516396        98436.2481648696     
          58   35.8184578551876        99034.6554532467     
          59   35.8809358561171        99509.9828179677     
          60   35.8995365514617        99842.2558072749     
