  1.641155237715751E-015  -3200.49543919272        227.472962459945     
 -2.917673041345050E-015  -1967.29785267324        199.058695481637     
 -1.202849353406434E-015  -1530.89967332667        197.190695776351     
  2.497532456674582E-014  -1094.60737561119        168.999302311527     
 -4.155178081174219E-014  -834.655653062603        147.257568854284     
  2.026816378779506E-014  -684.754035246732        134.214691734420     
  1.170338662715998E-013  -593.862617554512        127.184153462464     
 -8.243639755170117E-014  -537.165307635621        124.425507142068     
 -2.205502721243806E-013  -503.966502020637        125.475928089218     
  2.541880992658127E-013  -485.020061974040        129.333481201505     
  1.089235318145071E-013  -470.870898248194        134.168637438965     
 -1.452262531166079E-013  -457.135763219151        138.916237210505     
  5.947028958702886E-015  -443.802423987250        143.562619612667     
 -1.812176359967466E-013  -430.859023968992        148.094793310026     
  1.096658112046145E-013  -418.294059498503        152.500497073875     
  1.885118569944743E-013  -406.096379577878        156.768251389586     
 -1.447655911438317E-013  -394.255169822119        160.887401167787     
 -8.478999942218371E-014  -382.759941475492        164.848149702482     
  1.082970369156107E-013  -371.600520908090        168.641584115159     
 -3.799742901458310E-014  -360.767041084324        172.259692607408     
 -1.218420782772626E-013  -350.249931681424        175.695373915374     
  1.530626234846880E-013  -340.039900670128        178.942439418109     
  8.393371341857921E-014  -330.127945806503        181.995608398511     
 -1.281107507735588E-013  -320.505320999178        184.850496990793     
  1.925644859597682E-013  -311.163545717148        187.503601373260     
  1.099719491670539E-013  -302.094392143232        189.952275779737     
 -1.542075273714404E-013  -293.289875312583        192.194705909240     
 -2.217414299853821E-013  -284.742246237088        194.229878310944     
 -5.898751368859124E-014  -276.734254005774        196.057546312631     
  2.158946433778539E-013  -271.343803120587        197.678193045202     
 -3.046118288902332E-014  -266.216959383322        199.092992095610     
 -2.221199653760683E-013  -261.107248829463        200.303766295309     
  2.086473230588552E-013  -256.019708810002        201.312945123599     
  2.621770427673624E-013  -250.959060159246        202.123521173899     
 -1.805220865716098E-013  -245.929716218878        202.739006098291     
  2.355869148795319E-014  -240.935792199527        203.163386411779     
 -1.171232862776489E-013  -235.981114809191        203.401079502757     
  2.832947207464869E-014  -231.069232083610        203.456890161431     
  2.418079515167659E-013  -226.203699112507        203.335967903573     
 -3.015000139850920E-013  -221.620502612072        203.043765333189     
 -5.933308201658978E-014  -217.435161588866        202.585997754809     
 -1.873620736763896E-013  -213.483436128270        201.968604215345     
 -2.786212270284642E-013  -209.591171292568        201.197710125079     
  7.846138996800413E-013  -206.351607976973        201.006740957124     
 -4.545319107208700E-013  -202.085589109074        199.871959654501     
 -2.228923076410371E-013  -193.558965029843        194.512696377001     
  4.951906590388202E-013  -182.245578342334        186.159292903660     
 -4.019126276320789E-013  -170.545978436663        177.078596874651     
  2.042932689460009E-013  -158.573201010912        167.295479626699     
  5.466197296843220E-013  -146.421846058667        156.839435921745     
 -6.039320455192939E-013  -134.159169678682        145.744456975398     
  5.080230795422526E-013  -121.825263622607        134.048861573088     
  5.412311354905135E-013  -109.438602364135        121.795086257979     
 -1.769291502954904E-012  -97.0035667374908        109.029436071382     
  2.052403922900384E-012  -84.5175787502841        95.8017978108356     
 -2.946152334036491E-013  -71.9766091707995        82.1653182375986     
 -3.707131551395837E-012  -59.3787125885463        68.1760501059051     
 -2.811918295628922E-012  -46.7257948947785        53.8925692939441     
 -3.593206231050968E-012  -37.2156613879401        43.0748643345689     
 -1.477800615386532E-012  -21.2857831158670        24.6963998216827     
 -9.393517651161636E-004  -3200.49446503255        227.454571097676     
  1.377633435038866E-004  -1967.29796320146        199.042662532418     
 -1.689689728892167E-004  -1530.89965222403        197.174802652576     
 -8.763316102124615E-005  -1094.60737740135        168.985683218885     
 -1.109373853499931E-004  -834.655655016239        147.245701509829     
 -1.045062069384270E-004  -684.754033234416        134.203875554672     
 -1.062549017158143E-004  -593.862619220828        127.173903843283     
 -1.057833929575776E-004  -537.165306238406        124.415479834760     
 -1.058962328456607E-004  -503.966503250943        125.465816122978     
 -1.058594085355395E-004  -485.020060830715        129.323058353684     
 -1.058690806788798E-004  -470.870899326443        134.157824925422     
 -1.058698505643547E-004  -457.135762204491        138.905042087230     
 -1.058727495785917E-004  -443.802424945200        143.551050036661     
 -1.058748030267785E-004  -430.859023067482        148.082858485170     
 -1.058768087097765E-004  -418.294060349517        152.488207192305     
 -1.058785862806499E-004  -406.096378776906        156.755617568468     
 -1.058802040302822E-004  -394.255170578139        160.874435383102     
 -1.058816652794871E-004  -382.759940763846        164.834864719630     
 -1.058829875670865E-004  -371.600521579724        168.627993417941     
 -1.058841876811992E-004  -360.767040452042        172.245810325208     
 -1.058852664017948E-004  -350.249932278101        175.681214749970     
 -1.058862581670555E-004  -340.039900108354        178.928018569934     
 -1.058870842466028E-004  -330.127946336589        181.980941493671     
 -1.058880892629502E-004  -320.505320500048        184.835600008610     
 -1.058880519133256E-004  -311.163546188095        187.488490575518     
 -1.058914493883529E-004  -302.094391699717        189.936967641372     
 -1.058817038933537E-004  -293.289875730721        192.179217051483     
 -1.059134921072995E-004  -284.742245831168        194.214225436635     
 -1.055945270833476E-004  -276.734254303356        196.041746326943     
 -1.052739853878689E-004  -271.343802752742        197.662264196025     
 -1.052938005010885E-004  -266.216959720534        199.076951121649     
 -1.052744234975748E-004  -261.107248504104        200.287629623695     
 -1.052549268457525E-004  -256.019709115360        201.296728979428     
 -1.052743148266950E-004  -250.959059859183        202.107241535959     
 -1.051033621652714E-004  -245.929716463099        202.722678653866     
 -1.053418621212721E-004  -240.935791703799        203.147026528204     
 -1.022823260990373E-004  -235.981113637975        203.384702126030     
 -9.936562156155400E-005  -231.069222951812        203.440509839642     
 -2.441135596613169E-005  -226.203647703763        203.319598239724     
  2.128174962342812E-004  -221.620403434397        203.027601664352     
  5.442708672872137E-004  -217.435050910529        202.570431138199     
  8.798050616540459E-004  -213.483329127669        201.954026969609     
  1.187035549633054E-003  -209.591080326971        201.184469032732     
  1.433411637432613E-003  -206.351540670445        200.995062068076     
  1.597711246401937E-003  -202.085551572556        199.862059784538     
  1.668505872441616E-003  -193.558958016474        194.504772790186     
  1.649172501422286E-003  -182.245598963343        186.153268420181     
  1.555592451048820E-003  -170.546019787371        177.074196396051     
  1.408776240443897E-003  -158.573256490759        167.292396774652     
  1.230016539808417E-003  -146.421908566384        156.837369905148     
  1.038209463240602E-003  -134.159233957843        145.743137857876     
  8.483344004037293E-004  -121.825325161584        134.048064030397     
  6.709998649569943E-004  -109.438658599032        121.794633815631     
  5.127290016733559E-004  -97.0036159011968        109.029198595489     
  3.767487326526345E-004  -84.5176203843888        95.8016850463490     
  2.638247339213621E-004  -71.9766432588017        82.1652717381975     
  1.724939494202199E-004  -59.3787397250514        68.1760349346835     
  1.012210666675817E-004  -46.7258153289501        53.8925662484201     
  4.789514070632639E-005  -37.2156767797374        43.0748644742393     
  1.264134868941411E-005  -21.2857918537041        24.6964002131791     
 -3.637899927375226E-003  -3200.49052078554        227.419596364346     
  5.079299797550406E-004  -1967.29847708064        199.011848453151     
 -6.689028371146365E-004  -1530.89951895766        197.144023500976     
 -3.431107714353151E-004  -1094.60740721618        168.959318855360     
 -4.367274934673371E-004  -834.655649819513        147.222725907368     
 -4.109209266215452E-004  -684.754033908555        134.182935287602     
 -4.178857054290537E-004  -593.862619313133        127.154060275933     
 -4.160087628291882E-004  -537.165306024906        124.396066626146     
 -4.164517020932090E-004  -503.966503437444        125.446238959482     
 -4.163038619119454E-004  -485.020060641312        129.302879271603     
 -4.163413177163564E-004  -470.870899506532        134.136891395082     
 -4.163437692782989E-004  -457.135762040709        138.883367769468     
 -4.163549501024879E-004  -443.802425105437        143.528650723295     
 -4.163627236251135E-004  -430.859022921713        148.059751995526     
 -4.163703619019184E-004  -418.294060491663        152.464413258687     
 -4.163770933066555E-004  -406.096378647211        156.731157714658     
 -4.163832113154178E-004  -394.255170704259        160.849332795298     
 -4.163887200184333E-004  -382.759940648457        164.809144112909     
 -4.163936987791701E-004  -371.600521691632        168.601680897964     
 -4.163981939690891E-004  -360.767040349393        172.218933247995     
 -4.164021823887384E-004  -350.249932377406        175.653801579472     
 -4.164060200468376E-004  -340.039900017038        178.900098735945     
 -4.164085643490294E-004  -330.127946424726        181.952545249873     
 -4.164140618572026E-004  -320.505320418732        184.806758292923     
 -4.164069624280681E-004  -311.163546265880        187.459234872421     
 -4.164391524932098E-004  -302.094391621409        189.907329848572     
 -4.162817831706133E-004  -293.289875749320        192.149229348274     
 -4.163601519481384E-004  -284.742245287570        194.183920160959     
 -4.114395518634387E-004  -276.734252307613        196.011157246652     
 -4.065267442837473E-004  -271.343802186472        197.631435924554     
 -4.064093450588857E-004  -266.216959712959        199.045916928004     
 -4.060672483895140E-004  -261.107248356968        200.256421220213     
 -4.058535526809012E-004  -256.019709141938        201.265377648377     
 -4.057225157590501E-004  -250.959059678861        202.075778053970     
 -4.048080025875612E-004  -245.929716184903        202.691133179051     
 -4.042271481683466E-004  -240.935789868334        203.115428587068     
 -3.887447994594418E-004  -235.981104423080        203.353079979499     
 -3.522313924487372E-004  -231.069177664941        203.408890479204     
 -3.338598925463707E-005  -226.203444873889        203.287998016172     
  8.742333357935233E-004  -221.620026586112        202.996386298860     
  2.143476612093221E-003  -217.434621312307        202.540355524721     
  3.448280106588187E-003  -213.482912246001        201.925856758640     
  4.644209742236035E-003  -209.590723967946        201.158884947066     
  5.603266183075979E-003  -206.351277854957        200.972509075516     
  6.241666781920254E-003  -202.085403983052        199.842961922303     
  6.514425456209786E-003  -193.558931130144        194.489511439522     
  6.435391222805909E-003  -182.245679035630        186.141690527340     
  6.067257882161856E-003  -170.546181704365        177.065764801464     
  5.492135622846166E-003  -158.573472690928        167.286513423483     
  4.793219888859932E-003  -146.422152733838        156.833448191635     
  4.044248409122604E-003  -134.159484297220        145.740652137129     
  3.303587163216347E-003  -121.825565116232        134.046576489611     
  2.612425347229215E-003  -109.438877316212        121.793802547180     
  1.996187435353269E-003  -97.0038071555375        109.028772394502     
  1.467547692888679E-003  -84.5177818552479        95.8014907374251     
  1.029005073847875E-003  -71.9767754325193        82.1651983428289     
  6.749469048779480E-004  -59.3788447619042        68.1760169817999     
  3.991779895274775E-004  -46.7258947794146        53.8925679477100     
  1.904432919235802E-004  -37.2157373770647        43.0748699016012     
  5.041723635462287E-005  -21.2858259026912        24.6964036902951     
 -8.682489736604815E-003  -3201.36420667519        227.448927209107     
  1.074824497570197E-003  -1967.68337519415        199.037178560580     
 -1.650170778842528E-003  -1531.13950549390        197.168922217362     
 -8.329700732536130E-004  -1094.74992448378        168.980667880841     
 -1.070699016024252E-003  -834.750699156413        147.241326866639     
 -1.004305123409290E-003  -684.824140561494        134.199889088342     
 -1.023129297668604E-003  -593.918253070187        127.170125933380     
 -1.017848139321138E-003  -537.211818976928        124.411783824316     
 -1.019250990507090E-003  -504.007094955186        125.462088827550     
 -1.018785778704415E-003  -485.056530997285        129.319216401681     
 -1.018966773334793E-003  -470.904029716112        134.153839272968     
 -1.018958873170921E-003  -457.165917896342        138.900915334971     
 -1.018985558360702E-003  -443.829923998822        143.546785190619     
 -1.019005072486876E-003  -430.884145911477        148.078458937697     
 -1.019022944209868E-003  -418.305675558631        152.479408088241     
 -1.019038702399598E-003  -406.087030577664        156.738634670422     
 -1.019053126873822E-003  -394.229730872142        160.849940346796     
 -1.019064370705713E-003  -382.722288412654        164.803466185171     
 -1.019079720760342E-003  -371.553742861958        168.590245286045     
 -1.019081420383661E-003  -360.713590814721        172.202218796235     
 -1.019102111800932E-003  -350.191761537771        175.632244317493     
 -1.019138608470084E-003  -339.978554073542        178.874097127331     
 -1.018805713159735E-003  -330.064648542226        181.922464689806     
 -1.020837567932718E-003  -320.441026099710        184.772934964559     
 -1.010692039697885E-003  -311.099034724934        187.421979060021     
 -1.041417288946472E-003  -302.030156011307        189.866928784258     
 -1.016854702071540E-003  -293.226715073071        192.105949660879     
 -9.737296004105277E-004  -284.679148712321        194.138009974362     
 -1.026529303715280E-003  -276.681101130813        195.962848765427     
 -9.820829426907766E-004  -271.299515534350        197.580952566973     
 -9.561757113406136E-004  -266.171523133142        198.993461868514     
 -9.795341296672379E-004  -261.062535213073        200.202184551595     
 -9.650631495306874E-004  -255.975421407085        201.209537929010     
 -9.698836437565488E-004  -250.915435165013        202.018503233259     
 -9.645501419191515E-004  -245.886819989599        202.632581350716     
 -9.577686207647587E-004  -240.893689880116        203.055748599069     
 -9.065199583184261E-004  -235.939876180095        203.292411604255     
 -7.513245387250120E-004  -231.028644547820        203.347363423071     
  9.168594891686783E-005  -226.163947599698        203.225726693495     
  2.253634036852669E-003  -221.581722245611        202.933194471538     
  5.272340888939694E-003  -217.395780445026        202.475763548761     
  8.418715287213876E-003  -213.441168546763        201.859381725673     
  1.130674115625378E-002  -209.544187773201        201.090110994762     
  1.362233427516429E-002  -206.298459045655        200.900874575396     
  1.515857320527875E-002  -202.025973489772        199.768594310971     
  1.580740693399164E-002  -193.494572776304        194.414054881418     
  1.560272141772046E-002  -182.178682229744        186.066683930179     
  1.469980003865116E-002  -170.478420162274        176.992033817337     
  1.329774917916315E-002  -158.506734733134        167.214916438787     
  1.159875384046281E-002  -146.357961920439        156.764817514391     
  9.781627560249417E-003  -134.099028393399        145.675753009694     
  7.987553203871449E-003  -121.769703479707        133.986083771794     
  6.315887832243563E-003  -109.388190623783        121.738291966296     
  4.827952131126789E-003  -96.9586618425611        108.978722306452     
  3.553624202636044E-003  -84.4783919061530        95.7572905043677     
  2.496886999242501E-003  -71.9432534989283        82.1271591878837     
  1.643465648247068E-003  -59.3512401802190        68.1443827399511     
  9.775163359017323E-004  -46.7042206580959        53.8675255663541     
  4.689917270318330E-004  -37.1985129018925        43.0548365974722     
  1.244027174180901E-004  -21.2799651329674        24.6895259772708     