0
21.469948
59.012936
106.156754
166.072575
238.699101
323.962147
421.774739
532.037244
654.637563
789.451345
936.332647
1095.015218
1265.310918
1447.049092
1640.415761
1842.967244
2050.790074
2263.142888
2480.878621
2704.106297
2932.934926
3167.473485
3407.830113
3654.112263
3906.425968
4164.875553
4429.562534
4700.585697
4978.039524
5262.013493
5552.591496
5849.850102
6153.857274
6464.671056
6782.337743
7106.890386
7438.345556
7776.703802
8121.94779
8474.037786
8832.916906
9198.505071
9570.705541
9949.405004
10334.47623
10725.78278
11123.18415
11526.53837
11935.70472
12353.74039
12784.39768
13231.94355
13709.04676
14236.60029
14845.02003
15586.81495
16559.95783
17921.61298
19672.57612
22524.1706
