10.73497
40.241409999999995
82.58475999999999
136.1145
202.3856
281.33029999999997
372.868
476.9054
593.3367000000001
722.0436
862.8909
1015.673
1180.161
1356.162
1543.466
1740.8410000000001
1945.2259999999999
2154.314
2368.1580000000004
2587.2329999999997
2811.645
3041.5
3276.904
3517.966
3764.791
4017.487
4276.159
4540.911999999999
4811.848999999999
5089.070000000001
5372.672
5662.747
5959.383
6262.660999999999
6572.655
6889.427000000001
7213.032
7543.508
7880.885
8225.174
8576.372
8934.463
9299.411
9671.172
10049.699999999999
10434.92
10826.79
11225.24
11630.23
12042.400000000001
12464.76
12901.81
13361.97
13861.96
14427.289999999999
15099.25
15952.71
17114.670000000002
18663.72
20954.29
