0
21.46994
59.012897
106.156681
166.072456
238.698928
323.961906
421.774421
532.036842
654.637069
789.450744
936.332031
1095.014206
1265.308914
1447.014587
1639.9169
1841.503829
2047.976256
2258.684096
2474.469893
2695.4373
2921.691038
3153.336668
3390.480925
3633.230879
3881.693693
4135.977247
4396.188276
4662.433241
4934.817091
5213.44264
5498.410139
5789.816206
6087.752821
6392.306166
6703.555312
7021.570937
7346.413924
7678.134169
8016.769514
8362.344007
8714.869642
9074.345045
9440.759107
9814.09184
10194.3195
10581.41881
10975.37132
11376.16798
11783.81276
12198.91487
12626.55049
13070.95686
13544.71406
14068.56868
14672.72377
15409.32106
16375.64869
17727.77418
19466.49501
22298.13368
