0
21.469938
59.01288
106.156641
166.072386
238.698828
323.961767
421.774236
532.036603
654.636769
789.450383
936.331609
1095.013585
1265.307942
1447.013173
1639.914998
1841.501592
2047.822896
2258.103383
2473.236684
2693.450017
2918.846913
3149.532124
3385.611989
3627.193791
3874.385045
4127.295003
4386.03185
4650.704702
4921.421346
5198.288595
5481.411733
5770.89327
6066.832143
6369.322805
6678.454122
6994.307973
7316.958181
7646.46932
7982.89562
8326.280813
8676.657461
9034.048666
9398.469076
9769.928884
10148.43722
10534.00689
10926.65981
11326.43154
11733.37542
12147.56567
12574.19073
13017.54723
13490.18548
14012.80309
14615.5321
15350.39123
16314.43981
17663.37853
19398.00561
22223.03832
