0
21.469938
59.012876
106.156633
166.072374
238.698808
323.96174
421.774202
532.036562
654.636721
789.45032
936.331485
1095.013644
1265.308566
1447.014483
1639.917101
1841.764773
2048.686755
2259.941409
2476.374545
2698.091418
2925.198001
3157.800815
3396.007068
3639.923679
3889.657627
4145.315296
4407.002094
4674.821766
4948.875996
5229.263539
5516.079487
5809.414295
6109.352283
6415.970874
6729.338824
7049.515032
7376.546801
7710.468798
8051.300463
8399.046892
8753.697313
9115.226274
9483.594163
9858.751451
10240.64101
10629.20201
11024.37581
11426.1089
11834.35643
12250.43776
12679.0819
13124.53618
13599.4102
14124.4995
14730.07811
15468.41039
16437.0128
17792.31932
19535.12657
22373.46007
