0
21.469944
59.012917
106.156716
166.07251
238.699005
323.962013
421.774566
532.037025
654.637298
789.451019
936.33229
1095.014694
1265.310028
1447.01857
1640.133362
1842.332611
2049.704208
2261.506622
2478.58908
2701.058593
2929.022613
3162.58876
3401.864685
3646.957489
3897.973694
4155.018616
4418.195832
4687.60669
4963.349152
5245.51767
5534.201935
5829.485565
6131.445038
6440.148346
6755.653442
7078.006591
7407.240935
7743.373564
8086.406218
8436.323149
8793.089751
9156.654937
9526.951293
9903.896453
10287.39938
10677.36227
11073.68549
11476.27115
11885.02615
12302.08521
12731.73645
13178.23706
13654.22629
14180.54831
14787.54825
15527.61264
16498.48648
17856.96866
19603.85587
22448.82339
