0.0
21.469936
59.01287
106.156623
166.07236
238.698787
323.961711
421.774165
532.036509
654.63666
789.450243
936.331484
1095.013323
1265.307345
1447.012133
1639.913576
1841.49988
2047.821184
2258.101961
2473.145571
2693.013796
2917.766283
3147.478899
3382.464602
3622.847262
3868.73482
4120.237765
4377.465762
4640.530673
4909.543002
5184.613314
5465.852084
5753.36719
6047.264346
6347.645968
6654.610262
6968.249819
7288.650881
7615.892275
7950.044497
8291.169405
8639.320559
8994.5441
9356.881258
9726.371309
10103.05625
10486.98563
10878.22217
11276.84714
11682.9653
12096.70889
12522.29999
12964.58209
13436.07538
13957.42731
14558.69696
15291.77759
16253.49402
17599.17175
19329.6095
22147.82996
